data_mixture<-list(c(2.93024,2.587127,-3.275055,-2.719738,1.795036,
-0.2408710,0.8613079,0.4960428,5.095914,2.452755,
2.965042,1.402603,2.383597,7.816888,-2.022861,
4.936794,5.54443,0.9944021,2.488001,4.260770,
-2.159305,-3.534865,-1.711918,-4.371556,-5.583346,
-1.179488,1.947405,4.446895,-0.5049458,0.8635857,
0.966578,-2.800192,1.433107,3.944222,-2.968383,
3.344331,2.685027,6.231044,-4.57968,-1.340801,
-2.898079,3.372161,2.190850,3.602694,0.4705131,
0.8910234,2.94513,2.818134,2.850448,1.608191,
2.530541,5.846393,1.084363,7.349594,1.828069,
0.7568079,0.9127635,2.362131,1.334650,0.5539525,
-2.514981,1.477378,3.94269,-0.09044664,-0.9424111,
3.865053,2.798947,0.1459337,1.389666,1.464446,
5.011162,-2.964077,-2.116558,3.271823,3.835747,
3.875648,-3.513572,-1.276623,3.745517,2.858582,
3.913473,3.93764,-3.845127,0.2554359,2.903012,
-4.336472,0.2065408,-4.670483,-1.302328,1.142511,
-2.556197,1.035648,-0.01507606,-0.9069014,1.229201,
-1.606405,-2.955063,-1.616910,6.404251,1.107658
),
c(-3.609881,-3.11991,-3.101295,-2.998864,-1.837603,
3.832873,0.3436509,1.358984,-3.660698,1.044858,
5.126386,0.8770657,3.49334,1.881896,-2.978435,
-2.003899,-1.723408,0.9000968,-2.788153,-1.1565,
-0.2312353,-3.473245,-2.199173,-0.2034954,1.841593,
0.4935512,0.04247411,-1.234834,0.8150483,3.766661,
2.174393,4.002996,2.463356,-2.021309,-3.587376,
1.638233,5.127805,1.756071,0.7482187,5.141234,
-3.789373,3.177234,-2.967984,-1.146569,-4.187994,
3.877111,-1.976453,1.128911,3.536002,5.19282,
0.4092828,-4.722578,1.267015,4.473125,1.51067,
2.39587,2.766917,2.71887,0.8227835,0.5448739,
4.18166,0.4373095,-3.894489,3.674324,-1.173342,
4.227528,2.568001,0.8590121,-4.03606,-4.925849,
-1.064571,2.211834,3.219022,1.787701,-0.9481612,
2.191388,2.36115,-3.951395,-1.718093,0.3765934,
1.513132,8.59702,1.553119,6.674751,2.687037,
3.547899,-2.655158,-3.569438,1.387282,-4.547074,
-2.273054,-1.807411,2.396220,3.434503,2.045390,
-1.120899,-2.522876,2.266581,0.163651,6.564834
),
c(-3.125894,3.911587,-0.6360178,3.051424,-3.69816,
-3.413939,-2.227191,0.04577044,2.946444,1.136251,
0.3849702,1.537029,-2.141061,3.239122,6.567585,
2.290244,2.826445,1.345531,1.958277,5.649073,
0.9146937,3.508308,-0.7199109,3.619879,2.281361,
-1.708813,1.234004,2.369581,2.870661,5.613611,
2.612533,0.1288850,-4.694349,1.072437,2.810387,
-5.184314,-2.276374,-1.269130,3.656757,2.215351,
0.1585255,4.056011,0.1769170,2.156027,2.448672,
1.345682,1.815613,-1.200599,5.887995,2.444628,
1.276669,1.830147,4.441154,1.661701,2.60061,
-1.827522,-0.02067783,2.920396,-1.517875,-4.553307,
-0.2544085,1.854279,2.767143,1.567063,6.626782,
5.217597,2.297867,3.430262,4.198314,4.534334,
1.764756,3.332937,3.35389,1.891611,3.966438,
-1.372913,-1.411212,3.090347,0.3983163,2.565654,
-1.276886,2.262988,2.945593,2.969154,-1.653468,
-0.02558632,-3.146667,0.7850566,-0.4456083,-0.729102,
-2.111621,-3.71061,2.760233,0.0640617,2.919504,
1.971577,-3.936999,2.810436,1.916472,0.2954587
),
c(0.6413797,2.140211,1.336942,5.476497,5.13469,
-3.630952,-1.188396,-3.145190,3.685825,2.929678,
3.15396,4.451066,4.317162,3.57221,-1.642497,
5.174613,4.342375,-2.076686,3.289937,-1.514222,
-5.137022,-1.070970,-3.691116,1.505013,-2.348408,
4.910313,1.374655,1.534447,2.973439,4.472555,
6.239633,2.160037,4.449142,3.491066,0.9894463,
1.866565,2.090924,0.1831156,-2.160455,-2.074777,
-1.073258,1.283287,3.837802,4.644743,-5.380949,
-1.324336,-3.994707,3.250002,3.839847,1.242777,
2.885011,4.077094,5.165735,1.202498,2.370301,
1.864528,1.273934,-3.113244,-1.875141,-2.763477,
-3.361190,-2.282868,1.393792,4.909106,-2.503670,
-2.934199,-2.745474,-2.456587,-3.537047,-2.761545,
1.424543,4.451673,4.706982,-2.402215,0.1376632,
1.282322,0.3907527,2.329466,6.372707,-1.596786,
-3.393752,4.070075,2.476226,1.070558,3.624616,
3.7888,5.746984,-2.370179,5.469459,-2.200485,
-2.104365,1.455677,1.916791,4.532996,0.6787644,
-0.7196271,0.7175218,3.640049,0.6111251,-2.063803
),
c(4.632773,4.642406,4.442337,5.285913,3.65021,
1.800592,2.668773,-0.7136154,2.552548,5.586033,
1.436274,3.427616,6.350853,1.259202,4.506434,
-4.602552,0.9781233,-0.3621882,-3.724326,3.337864,
0.3781168,4.204853,3.309166,-1.430391,0.3032594,
1.939269,-1.615339,-2.044949,4.588539,2.630866,
3.359957,0.2983989,2.23508,-2.096724,-3.140341,
-4.11782,4.430604,5.560664,2.975323,4.192928,
-2.495847,4.425596,4.99205,4.594708,4.939918,
5.645194,0.2110866,3.322332,3.629901,3.794343,
4.360848,-0.989969,-4.057899,3.244917,5.168944,
-2.053234,-0.524802,1.043014,2.896124,2.090646,
4.305641,1.288386,2.197151,2.627474,1.165080,
0.5945984,0.9101832,1.473005,0.2513954,1.651132,
4.968104,0.3887616,1.835280,3.058698,1.274602,
-2.465803,-1.771346,-1.158481,-4.712967,1.872821,
-0.0519189,-2.526495,4.468693,0.4915306,-3.710901,
-2.59455,2.073145,-0.6712276,1.189580,0.3509166,
1.900926,3.507519,2.111285,5.568726,6.131149,
4.451653,4.197821,-2.387727,-0.1395648,-3.184011
),
c(-2.158463,4.085324,-0.2935152,1.479509,5.685612,
1.129420,-3.489465,-3.476120,-2.173792,0.6919275,
-2.101311,-1.433362,-1.745317,-0.3955348,2.308129,
1.129549,4.209770,-4.102287,-4.029424,1.375574,
1.071856,5.752774,5.954665,4.253465,2.694367,
3.834477,3.006043,1.390724,0.958104,2.105148,
0.0964863,-3.009789,-3.200579,-2.777869,3.227874,
5.058581,2.876872,1.982836,1.830675,7.62462,
0.7490523,1.039629,3.135767,-3.541376,-1.950973,
0.5005134,3.988251,2.858471,2.721050,3.911644,
0.8464086,1.600031,1.824648,1.891536,2.139589,
0.5302601,-2.628828,-2.445600,-3.559064,-0.3498973,
2.531613,4.132555,1.531416,4.018863,2.998542,
2.158973,-0.4840599,-3.234282,0.2475394,0.783397,
-3.027556,0.8760275,2.514844,2.343009,4.021622,
1.651767,-0.4127959,2.280215,4.159703,2.498838,
-0.6245607,-3.53472,-1.369019,-1.184131,1.199203,
2.105681,2.143439,3.827992,0.1235159,1.608793,
-2.906686,1.118178,0.928795,-1.101270,0.6730854,
3.550057,1.205162,2.415504,2.699524,0.5043863
),
c(-2.577122,-3.684018,-1.905021,-2.524637,-2.992939,
-2.047233,-0.8084018,0.01117771,0.8117674,-0.2739274,
4.13051,1.35131,1.651679,3.817228,-1.224305,
1.170279,-2.553105,0.2741911,2.598296,2.638645,
-3.139045,-2.006917,3.190678,-0.2071653,2.960866,
5.865767,-3.544891,3.212734,-1.874544,-2.454196,
4.756197,5.734446,3.130571,0.591803,1.119674,
3.08653,1.799227,1.793476,4.274031,-0.9361887,
3.056527,-3.600133,6.081499,1.658533,0.7673805,
-2.713275,-1.559667,0.03792901,-0.9101433,-2.701377,
-1.321664,2.148023,0.7154384,3.68551,1.48929,
1.701634,0.3248328,1.163578,1.953547,0.3775209,
-2.923965,-2.530724,-0.6617669,-2.978568,0.2979653,
6.612183,3.17185,-3.095553,5.223894,0.4818704,
-3.108171,-2.662749,-0.5453893,-0.5557603,-3.056542,
2.277592,4.467167,5.323316,3.805414,3.083917,
-2.229706,-2.157003,-0.5385699,-1.573147,-0.967273,
-1.391790,-2.908870,-2.554731,2.905595,-3.401008,
-0.8979266,1.581735,3.884938,4.265616,4.929955,
1.675040,1.474606,-1.724305,-1.946830,2.955718
),
c(1.388301,5.730965,4.12652,0.152336,4.740704,
-2.518787,-1.784598,-4.601964,-0.4727062,-2.619008,
-2.196765,-2.085130,-5.07687,1.918788,3.297733,
0.5729172,4.06603,1.876981,2.076824,-0.5651674,
3.450221,1.2118,-1.013863,4.434833,-4.784286,
-2.114505,0.5154185,-0.9979729,1.940280,-3.436233,
5.760349,0.9186095,0.1051466,-1.406721,0.1727584,
2.081354,1.909339,1.61274,1.313333,1.89794,
0.6599261,-1.095616,0.3302734,6.252126,-0.8870262,
0.1857008,4.930652,1.644796,0.81635,1.570282,
6.132099,-2.513757,3.591938,-0.5145448,-1.230712,
2.323534,3.311498,2.471211,3.109305,-0.02267508,
2.98686,4.742398,6.20436,0.2658622,2.605785,
4.013738,-3.123979,-0.8943376,0.2048732,1.057943,
1.562415,1.197325,-0.9109452,6.681668,1.12176,
-0.30976,-1.143417,-1.001322,8.058625,-1.110973,
1.379224,1.664013,-0.1745795,1.506373,-1.753649,
2.081764,-2.405943,5.036561,1.870008,4.133212,
4.646048,-1.155387,-3.916509,-3.812376,0.7115286,
-1.286450,-3.240611,5.418713,5.082362,-2.469971
),
c(4.737609,7.31011,1.347917,2.707838,3.072518,
1.131398,1.355982,2.085286,3.969195,3.545031,
-3.727942,-4.246196,-3.655812,-2.205083,-5.639096,
0.8108072,-3.293094,-1.373357,0.538438,-3.164891,
